766
0
0
0
0
0
0
0
0
0
0
0
0
0
0
0
0
0
0
0
0
0
0
0
0
0
0
0
0
0
0
0
0
0
0
0
0
0
0
0
0
0
0
0
0
0
0
0
0
0
0
0
0
0
0
0
0
0
0
0
0
0
0
0
0
0
0
0
0
0
0
0
0
0
0
0
0
0
1
1
5
7
7
9
12
21
13
18
25
25
36
33
45
37
45
55
73
58
71
78
69
73
74
86
89
77
60
64
84
78
91
75
90
84
81
89
84
77
89
80
107
91
90
121
105
113
98
124
98
117
87
139
140
141
129
179
130
175
200
187
206
211
216
258
244
282
239
298
276
292
305
314
401
399
370
439
499
542
621
818
805
990
1049
1357
1332
1512
1659
1978
2119
2166
2319
2422
2852
2745
2899
2724
3534
3015
2804
3145
2713
2689
2720
2221
2502
2090
1865
1876
2080
1831
1933
1898
2215
2045
1834
2049
1873
1989
1958
2134
2272
2120
2069
2077
2374
2312
2345
2476
2481
2636
2440
2930
2536
2810
2885
2715
3182
3016
2794
2899
3169
2947
2994
2624
3608
3132
2763
3283
2801
3009
3140
3135
3014
3040
2759
2865
3036
2875
2702
2475
3134
2614
2269
2740
2271
2336
2281
1839
2353
2077
1783
1846
2095
1784
1791
19414
