0
0
0
0
0
0
0
0
0
0
0
0
0
0
0
0
1357
0
0
0
1659
0
1978
0
2119
0
0
0
0
0
0
2422
0
0
0
0
0
0
0
2899
0
0
2724
0
0
0
0
0
3015
0
0
2804
0
0
3145
0
0
0
0
2689
0
0
2720
0
2221
0
0
0
0
0
0
0
1876
0
2080
0
1831
0
1933
0
0
0
2215
0
2045
0
0
0
0
1002
0
0
0
0
0
0
0
0
0
0
0
0
0
0
0
0
2374
0
2312
0
0
0
0
3421
0
0
0
0
2636
0
2440
0
979
2930
0
0
0
0
1000
2810
0
2885
1105
0
2715
0
1020
3182
0
769
3016
0
938
2794
1163
0
3717
0
805
4159
1049
1332
2947
1512
2994
0
0
4790
2319
0
6460
2745
0
0
6666
0
2763
0
2713
3283
0
0
5303
2090
1865
3009
0
0
3140
1898
0
3135
1834
2049
4887
1989
1958
5174
2272
2120
5892
2077
0
2865
2345
3036
2481
0
2875
0
2536
2702
0
2475
0
0
3134
0
0
2614
0
2269
0
0
2740
0
2271
0
2336
0
2281
0
1839
0
0
2353
0
2077
1783
0
1846
0
2095
0
1784
0
1791
0
0
0
0
0
0
0
2033
0
0
0
0
0
0
0
0
0
0
19414
