0.00292206
0.00292206
0.00292206
0.00292206
0.00292206
0.00292206
0.00292206
0.00292206
0.00292206
0.00292206
0.00292206
0.00292206
0.00292206
0.00292206
0.00292206
0.00292206
0.00292206
0.00292206
0.00292206
0.00292206
0.00292206
0.00292206
0.00292206
0.00292206
0.00292206
0.00292206
0.00292206
0.00292206
0.00292206
0.00292206
0.00292206
0.00292206
0.00292206
0.00292206
0.00292206
0.00292206
0.00292206
0.00292206
0.00292206
0.00292206
0.00292206
0.00292206
0.00292206
0.00292206
0.00292206
0.00292206
0.00292206
0.00292206
0.00292206
0.00292206
0.00292206
0.00292206
0.00292206
0.00292206
0.00292206
0.00292206
0.00292206
0.00292206
0.00292206
0.00292206
0.00292206
0.00292206
0.00292206
0.00292206
0.00292206
0.00292206
0.00292206
0.00292206
0.00292206
0.00292206
0.00292206
0.00292206
0.00292206
0.00292206
0.00292206
0.00292206
0.00292206
0.00292206
0.00292587
0.00292969
0.00294876
0.00297546
0.00300217
0.0030365
0.00308228
0.00316238
0.00321198
0.00328064
0.00337601
0.00347137
0.0036087
0.00373459
0.00390625
0.00404739
0.00421906
0.00442886
0.00470734
0.00492859
0.00519943
0.00549698
0.00576019
0.00603867
0.00632095
0.00664902
0.00698853
0.00728226
0.00751114
0.00775528
0.00807571
0.00837326
0.0087204
0.0090065
0.00934982
0.00967026
0.00997925
0.0103188
0.0106392
0.0109329
0.0112724
0.0115776
0.0119858
0.0123329
0.0126762
0.0131378
0.0135384
0.0139694
0.0143433
0.0148163
0.0151901
0.0156364
0.0159683
0.0164986
0.0170326
0.0175705
0.0180626
0.0187454
0.0192413
0.0199089
0.0206718
0.0213852
0.022171
0.0229759
0.0237999
0.0247841
0.0257149
0.0267906
0.0277023
0.0288391
0.029892
0.0310059
0.0321693
0.0333672
0.0348969
0.0364189
0.0378304
0.039505
0.0414085
0.0434761
0.045845
0.0489655
0.0520363
0.0558128
0.0598145
0.064991
0.0700722
0.07584
0.0821686
0.0897141
0.0977974
0.10606
0.114906
0.124146
0.135025
0.145496
0.156555
0.166946
0.180428
0.191929
0.202625
0.214622
0.224972
0.235229
0.245605
0.254078
0.263622
0.271595
0.278709
0.285866
0.2938
0.300785
0.308159
0.315399
0.323849
0.33165
0.338646
0.346462
0.353607
0.361195
0.368664
0.376804
0.385471
0.393559
0.401451
0.409374
0.41843
0.42725
0.436195
0.445641
0.455105
0.46516
0.474468
0.485645
0.495319
0.506039
0.517044
0.527401
0.539539
0.551044
0.561703
0.572762
0.58485
0.596092
0.607513
0.617523
0.631287
0.643234
0.653774
0.666298
0.676983
0.688461
0.700439
0.712399
0.723896
0.735493
0.746017
0.756947
0.768528
0.779495
0.789803
0.799244
0.811199
0.821171
0.829826
0.840279
0.848942
0.857853
0.866554
0.873569
0.882545
0.890469
0.89727
0.904312
0.912304
0.919109
0.925941
1
