0.00292206
0
0
0
0
0
0
0
0
0
0
0
0
0
0
0
0
0
0
0
0
0
0
0
0
0
0
0
0
0
0
0
0
0
0
0
0
0
0
0
0
0
0
0
0
0
0
0
0
0
0
0
0
0
0
0
0
0
0
0
0
0
0
0
0
0
0
0
0
0
0
0
0
0
0
0
0
0
3.8147e-06
3.8147e-06
1.90735e-05
2.67029e-05
2.67029e-05
3.43323e-05
4.57764e-05
8.01086e-05
4.95911e-05
6.86646e-05
9.53674e-05
9.53674e-05
0.000137329
0.000125885
0.000171661
0.000141144
0.000171661
0.000209808
0.000278473
0.000221252
0.000270844
0.000297546
0.000263214
0.000278473
0.000282288
0.000328064
0.000339508
0.000293732
0.000228882
0.000244141
0.000320435
0.000297546
0.000347137
0.000286102
0.000343323
0.000320435
0.00030899
0.000339508
0.000320435
0.000293732
0.000339508
0.000305176
0.000408173
0.000347137
0.000343323
0.000461578
0.000400543
0.000431061
0.00037384
0.000473022
0.00037384
0.00044632
0.000331879
0.000530243
0.000534058
0.000537872
0.000492096
0.000682831
0.000495911
0.000667572
0.000762939
0.000713348
0.000785828
0.000804901
0.000823975
0.000984192
0.000930786
0.00107574
0.000911713
0.00113678
0.00105286
0.00111389
0.00116348
0.00119781
0.00152969
0.00152206
0.00141144
0.00167465
0.00190353
0.00206757
0.00236893
0.00312042
0.00307083
0.00377655
0.00400162
0.00517654
0.00508118
0.00576782
0.00632858
0.00754547
0.00808334
0.00826263
0.00884628
0.0092392
0.0108795
0.0104713
0.0110588
0.0103912
0.0134811
0.0115013
0.0106964
0.0119972
0.0103493
0.0102577
0.010376
0.00847244
0.00954437
0.00797272
0.00711441
0.00715637
0.00793457
0.00698471
0.00737381
0.0072403
0.00844955
0.00780106
0.00699615
0.00781631
0.00714493
0.00758743
0.00746918
0.00814056
0.00866699
0.00808716
0.00789261
0.00792313
0.00905609
0.00881958
0.00894547
0.00944519
0.00946426
0.0100555
0.00930786
0.0111771
0.00967407
0.0107193
0.0110054
0.0103569
0.0121384
0.0115051
0.0106583
0.0110588
0.0120888
0.0112419
0.0114212
0.0100098
0.0137634
0.0119476
0.01054
0.0125237
0.010685
0.0114784
0.0119781
0.0119591
0.0114975
0.0115967
0.0105247
0.0109291
0.0115814
0.0109673
0.0103073
0.00944138
0.0119553
0.00997162
0.00865555
0.0104523
0.00866318
0.00891113
0.00870132
0.00701523
0.00897598
0.00792313
0.00680161
0.00704193
0.00799179
0.00680542
0.00683212
0.0740585
