1
8
25
106
114
223
356
430
458
405
356
349
437
443
403
416
447
483
526
489
456
443
477
495
511
628
614
663
697
761
825
814
875
909
977
1133
1310
1317
1242
1423
1373
1430
1395
1375
1414
1356
1428
1329
1322
1223
1328
1278
1321
1254
1330
1344
1294
1284
1281
1249
1233
1345
1341
1415
1437
1442
1578
1658
1690
1745
1722
1771
1840
1893
1948
2000
1941
2053
2090
2258
2323
2333
2331
2460
2415
2395
2408
2490
2490
2328
2399
2394
2400
2336
2282
2134
2033
2072
2080
2019
1977
1885
1767
1808
1747
1759
1793
1713
1680
1644
1660
1580
1654
1623
1545
1612
1580
1652
1650
1575
1513
1565
1507
1459
1487
1475
1431
1372
1383
1400
1379
1321
1330
1334
1237
1298
1327
1279
1336
1315
1288
1270
1274
1223
1214
1139
1236
1230
1272
1242
1326
1325
1311
1283
1301
1187
1210
1100
1119
1111
1161
1057
1031
1026
1020
975
954
923
916
855
866
774
766
731
615
649
589
572
543
622
645
537
561
511
564
606
623
588
636
651
598
560
581
546
534
535
568
521
516
565
507
469
501
528
596
587
563
523
530
482
562
552
474
497
512
423
395
372
385
346
346
298
317
340
317
312
295
259
262
260
254
254
245
264
205
227
207
229
212
198
203
185
180
237
198
201
208
224
201
114
150
128
73
65
93
0
