0
0
0
11
65
111
164
261
308
431
537
682
846
912
1074
1350
1480
3302
0
2064
3883
0
3900
0
6135
0
0
3626
0
3292
0
4376
0
0
3529
0
0
2079
0
3123
0
0
3883
0
0
0
1898
0
3029
0
0
3120
0
0
3348
0
0
2403
0
4309
0
0
3637
0
5408
0
0
3727
0
3474
0
1766
3304
0
2965
0
3022
0
2969
0
2916
0
2884
0
2839
0
3050
0
3676
0
3566
0
4077
0
3956
0
4419
0
3797
0
3481
0
3463
0
3296
0
2901
0
4769
0
0
3324
0
5012
0
0
3169
0
3088
0
4979
0
0
5440
0
0
5872
0
0
3834
0
6081
0
0
6154
0
0
5366
0
0
4461
0
0
3814
0
0
3025
0
0
2965
0
0
2009
0
2441
0
0
2401
0
0
2587
0
0
0
1042
0
1455
0
0
1401
0
0
1451
0
0
1660
0
0
1775
0
0
2024
0
0
2347
0
0
2272
0
0
2127
0
0
1378
0
2294
0
0
2427
0
0
1755
0
2486
0
0
1960
0
0
876
0
970
0
0
442
0
335
0
239
0
210
0
179
0
0
65
0
18
17
0
14
0
3
0
1
0
6
0
0
0
0
0
0
0
0
0
0
0
0
0
0
0
0
0
0
0
