1
0
1
0
0
1
3
7
6
4
8
13
13
26
26
40
49
79
77
112
186
244
334
436
524
565
555
575
527
500
506
462
372
392
366
321
355
311
289
294
299
278
286
263
252
268
271
276
241
246
228
242
239
236
238
220
287
367
660
1122
507
443
332
291
272
244
229
226
225
207
167
160
171
158
144
132
117
144
117
123
124
108
108
98
103
102
95
100
83
84
92
86
99
110
106
103
95
89
125
128
138
146
163
214
242
345
387
458
535
569
651
756
699
597
595
622
578
728
940
1092
1102
1113
1212
1379
1660
1872
1804
1824
1770
1522
1349
1209
1195
1546
1905
2241
2106
1916
1808
1295
1049
969
926
901
1037
934
1064
1164
1198
1310
1614
1676
1883
1903
2094
2258
2437
2955
3641
5234
6129
5745
5399
5583
9472
7743
6634
5647
5981
5554
5993
5647
5842
5391
4872
5186
5516
5021
4758
4314
3883
3838
3631
3717
3678
3072
2792
2381
2826
3931
3513
2757
1493
1324
781
394
267
227
197
155
125
112
90
80
64
56
56
34
33
20
24
12
20
11
10
9
10
1
5
2
1
2
1
0
2
1
1
0
1
0
0
0
1
0
0
0
0
0
0
0
0
0
0
0
0
0
0
0
0
0
0
0
0
0
0
0
