1024
1009
1002
1064
945
979
1000
1105
1020
769
938
1163
818
805
990
1049
1357
1332
0
1512
1659
0
1978
0
2119
0
0
2166
0
2319
0
2422
0
0
2852
0
0
2745
0
2899
0
0
2724
0
0
0
3534
0
3015
0
0
2804
0
0
3145
0
0
2713
0
2689
0
0
2720
0
2221
0
0
2502
0
2090
0
1865
1876
0
2080
0
1831
0
1933
0
1898
0
2215
0
2045
0
1834
0
2049
0
1873
0
1989
0
1958
0
2134
0
2272
0
2120
0
2069
0
2077
0
2374
0
2312
0
0
2345
0
2476
0
0
2481
0
2636
0
2440
0
0
2930
0
0
2536
0
0
2810
0
2885
0
0
2715
0
0
3182
0
0
3016
0
0
2794
0
0
2899
0
0
3169
0
0
2947
0
2994
0
0
2624
0
0
3608
0
0
0
3132
0
2763
0
0
3283
0
0
2801
0
0
3009
0
0
3140
0
0
3135
0
0
3014
0
0
3040
0
0
2759
0
0
2865
0
3036
0
0
2875
0
0
2702
0
2475
0
0
3134
0
0
2614
0
2269
0
0
2740
0
2271
0
2336
0
2281
0
1839
0
0
2353
0
2077
1783
0
1846
0
2095
0
1784
0
1791
0
0
0
0
0
0
0
0
0
0
0
0
0
0
0
0
0
0
19414
